202
243
580
306
598
900
761
262
891
623
125
005
444
458
902
616
754
685
099
810
318
554
418
787
946
694
423
744
756
094
481
977
618
154
302
808
797
262
057
076
093
965
946
380
921
550
141
045
317
714
151
309
680
335
391
635
929
487
871
223
132
948
915
778
178
151
856
361
849
945
111
623
832
335
893
939
517
605
921
210
515
156
466
187
844
420
674
487
389
247
335
488
634
496
707
447
643
493
573
796
871
212
423
727
002
116
911
391
108
697
375
649
232
243
461
445
935
330
754
594
436
319
625
880
279
978
446
960
209
831
967
370
129
409
975
484
586
066
303
670
602
376
960
712
496
190
544
644
175
795
644
330
447
759
814
830
946
123
083
818
007
004
215
885
802
078
529
987
152
331
942
591
239
177
013
604
204
360
020
122
510
525
697
166
305
919
589
365
452
739
258
255
081
492
486
054
458
522
499
299
213
567
681
157
686
658
815
030
727
951
402
846
782
044
059
390
813
996
228
806
809
323
098
580
759
676
283
389
561
237
944
722
836
564
553
210
188
485
633
634
389
900
656
031
948
842
333
946
217
382
848
552
165
768
887
198
546
662
730
921
232
366
702
921
159
444
307
665
164
283
887
735
138
508
149
982
395
598
823
380
472
890
895
785
738
502
896
804
955
325
081
277
043
237
677
874
526
844
397
897
796
686
428
039
059
486
261
317
597
692
426
342
616
374
758
092
896
143
222
180
719
533
453
424
475
519
154
757
589
100
562
103
807
633
039
648
548
401
528
150
538
355
975
445
673
564
951
865
656
363
668
173
840
271
606
349
419
142
886
214
497
235
314
664
841
794
225
126
586
740
368
470
751
518
888
189
517
733
853
479
392
612
804
240
196
631
736
430
890
623
728
467
004
828
136
802
506
232
584
964
820
905
583
196
875
042
221
076
141
640
695
671
110
358
994
038
396
961
389
137
335
652
691
459
306
162
973
727
882
782
389
153
416
752
320
639
585
543
284
263
450
976
568
916
285
566
042
865
397
016
636
656
063
425
612
073
047
900
449
398
787
709
658
693
463
305
299
284
775
788
435
244
044
584
374
583
510
289
300
339
024
557
783
325
208
026
131
842
307
811
542
359
573
200
437
632
456
900
585
765
630
111
262
760
058
409
196
900
969
412
571
723
970
708
845
657
835
617
603
316
999
712
622
125
616
114
757
787
976
145
014
568
112
347
720
656
188
133
966
665
144
923
711
491
665
247
405
744
997
063
201
856
147
436
564
877
139
369
945
488
002
218
297
611
476
772
071
236
240
037
611
219
762
885
603
037
332
982
111
410
869
960
982
273
133
867
983
547
917
065
997
023
234
748
150
670
390
467
782
606
637
951
972
299
530
789
995
013
445
455
016
455
491
477
675
686
078
119
764
665
323
736
447
792
102
140
618
337
132
126
612
012
944
729
720
047
503
823
624
258
051
102
002
555
457
988
225
262
729
403
500
091
041
744
402
693
883
646
861
841
686
925
019
530
461
823
648
967
174
101
439
543
573
567
828
009
432
397
871
391
349
918
974
813
750
878
145
701
293
253
580
596
664
828
997
909
913
658
562
052
388
690
780
056
675
497
429
875
929
793
169
644
836
884
619
349
812
021
750
065
555
435
233
257
003
379
069
217
549
271
441
642
449
845
627
594
440
905
305
041
432
296
120
064
529
842
050
074
421
632
234
492
090
988
217
011
483
891
934
306
254
419
979
115
258
808
652
084
925
173
216
252
833
258
952
374
023
156
430
343
292
451
494
713
461
251
065
778
987
350
008
678
651
689
931
127
304
910
465
436
983
532
509
727
991
312
442
440
859
641
387
438
781
328
192
232
242
254
154
190
055
614
951
728
727
353
338
881
212
068
647
395
063
934
867
313
402
862
946
277
702
666
514
688
762
319
058
785
798
291
653
784
868
020
535
720
070
762
616
934
537
406
410
900
160
744
356
533
389
392
646
076
662
173
722
763
084
973
405
224
088
681
455
775
084
161
075
318
627
054
240
296
929
677
811
473
229
884
027
156
956
393
774
512
232
892
081
211
544
513
590
675
640
874
614
273
760
768
623
310
777
971
972
824
649
865
710
688
700
986
499
395
633
536
771
413
688
218
237
546
602
703
795
684
654
108
013
930
416
941
013
255
603
320
528
114
965
937
423
441
942
793
759
418
986
559
718
208
696
527
138
068
918
447
024
889
779
813
969
063
747
598
951
039
251
085
800
305
577
725
751
232
538
466
548
922
151
871
674
049
986
413
524
820
927
357
281
833
381
606
496
758
339
216
914
831
880
290
845
403
412
864
318
862
574
613
039
947
693
142
524
749
397
362
786
950
069
355
060
688
266
661
168
982
204
512
097
687
976
711
129
589
398
662
753
901
394
695
666
713
780
359
543
354
881
037
589
826
969
652
236
696
594
059
371
153
795
402
377
296
489
382
180
296
131
004
750
078
862
524
290
532
280
888
399
794
815
359
841
488
433
048
245
275
988
826
018
343
590
794
131
592
739
513
497
286
475
585
417
770
658
032
740
149
506
459
107
857
219
412
366
110
452
666
771
691
924
441
557
421
177
810
441
229
222
619
302
799
245
858
864
724
419
685
841
748
071
921
614
463
083
474
243
326
193
792
696
804
504
272
449
295
808
137
033
609
214
775
056
205
405
712
778
147
906
907
564
411
475
834
025
251
893
974
460
840
046
513
539
757
537
550
302
326
605
452
523
774
753
727
759
264
909
580
034
691
409
888
959
630
257
104
198
765
099
152
993
302
729
550
928
090
370
079
159
213
268
308
028
987
028
689
295
142
818
415
865
675
656
810
766
138
387
558
268
144
633
006
351
594
014
088
215
227
848
147
395
831
203
580
244
904
194
895
906
165
214
758
013
905
475
652
168
639
082
490
576
832
750
109
269
464
139
774
216
775
189
196
508
496
838
660
571
844
795
243
987
093
324
206
587
794
467
747
382
414
500
042
488
292
119
064
102
318
003
290
218
478
382
225
932
429
322
501
678
807
725
812
032
536
424
908
861
898
584
747
354
501
363
725
901
922
291
185
104
467
518
949
266
891
405
605
440
727
107
207
224
649
603
354
182
430
021
071
982
175
535
600
902
537
416
618
134
424
344
121
929
612
375
963
988
154
800
030
997
589
454
211
052
833
566
797
767
067
110
661
254
156
414
958
549
326
166
852
439
665
726
189
893
358
901
775
331
775
169
525
157
800
388
918
780
455
832
497
700
713
469
694
873
308
257
598
120
238
014
820
316
376
192
087
337
389
557
820
732
421
949
556
663
607
926
909
247
571
854
314
901
997
575
900
393
453
845
165
695
418
690
791
253
305
831
915
926
821
035
521
433
563
854
044
930
627
286
015
838
687
978
659
714
690
477
673
274
304
642
481
511
866
751
692
695
682
557
909
565
422
647
059
452
290
756
559
083
952
000
571
605
609
300
527
147
898
005
541
779
338
143
734
539
562
421
959
173
843
499
031
137
228
468
661
553
280
666
500
508
775
556
473
157
295
654
266
592
286
829
452
658
153
669
511
624
396
641
652
261
384
219
027
478
273
844
341
444
581
951
142
199
133
036
554
470
588
128
096
954
270
438
876
036
936
803
622
721
280
152
862
914
462
857
032
040
102
568
349
260
022
104
392
043
086
082
539
630
443
363
057
877
565
290
099
405
829
047
988
246
593
606
181
164
062
320
760
511
820
845
979
862
238
764
078
249
493
342
502
502
473
691
022
143
030
806
007
679
527
125
752
546
842
237
154
666
911
545
954
858
043
330
040
149
119
244
044
158
222
465
882
143
106
530
954
248
639
481
053
732
212
642
652
221
728
263
072
446
299
731
530
091
986
898
911
806
365
921
446
690
325
898
593
354
722
072
490
895
322
859
672
744
719
963
567
824
359
708
647
266
292
760
618
688
574
599
626
853
468
184
724
599
524
146
012
111
462
369
183
469
944
992
896
041
821
419
437
390
488
722
492
472
654
274
331
462
557
893
524
025
822
089
219
611
814
446
896
104
888
899
176
133
009
051
836
177
708
007
624
138
056
644
644
287
299
687
337
721
419
585
343
579
954
087
833
814
489
295
137
086
203
021
974
884
576
231
044
605
560
154
010
096
063
954
663
911
179
361
567
706
973
656
521
153
630
446
100
865
092
436
506
686
457
081
794
355
092
404
679
893
892
108
999
575
940
114
571
232
453
145
968
502
063
071
097
049
929
460
611
250
147
763
644
461
081
721
010
453
540
360
240
335
099
935
170
871
775
038
321
681
144
427
574
227
757
790
608
978
361
176
102
790
282
849
112
546
993
213
159
269
576
584
313
418
638
962
673
460
169
795
456
693
990
145
357
018
400
058
218
597
437
735
788
720
651
289
862
046
718
693
243
532
970
957
772
599
440
895
206
383
739
613
598
940
524
568
728
856
278
990
967
250
044
719
384
882
720
569
049
638
626
586
211
921
178
205
281
678
901
622
474
670
469
836
804
042
471
029
079
432
750
461
704
241
399
269
682
542
388
273
955
377
489
105
611
682
749
956
608
671
739
835
682
221
535
684
716
478
238
688
990
399
772
010
660
412
078
989
276
464
998
613
300
721
925
422
084
363
831
773
350
713
424
346
259
691
143
066
057
535
841
467
778
044
833
496
373
421
683
352
841
341
818
855
528
443
034
274
741
127
503
988
665
779
689
006
833
997
334
741
644
138
019
855
465
515
765
234
085
349
413
914
039
316
824
682
364
609
989
181
409
003
725
239
470
518
301
068
142
300
927
000
227
290
494
296
360
961
204
874
973
514
888
387
747
436
803
352
897
943
888
648
811
465
092
039
156
472
368
365
870
356
413
492
538
374
783
466
365
094
825
773
669
990
626
116
322
107
496
641
822
006
099
458
833
329
959
256
393
093
604
504
629
672
231
264
205
905
893
214
875
382
951
324
880
059
359
832
946
014
155
876
378
786
498
498
379
503
925
587
653
867
370
161
985
546
853
610
432
431
343
756
442
430
014
310
962
721
967
648
086
882
013
372
737
304
093
561
923
853
874
105
324
821
632
886
478
677
435
369
604
547
905
607
506
797
254
806
331
326
976
281
615
648
852
675
587
583
633
679
769
004
668
318
708
861
889
700
812
419
125
003
768
812
775
457
039
793
262
599
553
123
190
843
572
909
310
917
266
991
353
520
297
462
826
578
689
378
239
815
713
896
104
419
241
652
765
629
974
985
865
884
589
887
379
107
124
052
889
639
807
538
907
243
396
437
419
487
652
233
059
420
733
543
299
327
774
535
033
649
983
295
075
704
740
375
398
733
098
252
351
222
330
924
650
700
589
472
909
275
232
829
187
679
097
844
159
500
749
222
087
124
670
092
941
995
252
835
171
748
943
823
544
787
667
953
784
063
799
071
892
285
500
413
079
721
690
141
628
416
144
398
664
366
609
835
760
835
509
684
067
459
621
367
909
579
416
286
337
449
117
260
016
705
163
744
489
062
349
864
493
365
134
212
797
352
487
741
008
578
578
328
903
184
816
717
810
187
687
502
917
156
534
884
359
491
550
933
676
928
311
171
868
545
167
169
112
572
890
670
484
322
383
741
332
168
376
943
094
599
754
895
878
655
354
867
424
443
681
366
853
376
159
846
127
474
840
027
283
733
454
182
329
055
675
878
138
598
387
026
232
219
405
937
332
070
091
356
596
225
786
520
448
238
040
129
122
150
399
134
460
167
960
747
210
047
538
273
152
685
188
623
280
680
411
772
670
521
117
163
593
703
235
846
445
425
185
333
881
243
958
969
179
971
358
675
299
698
082
695
204
885
530
484
482
488
095
251
331
414
687
903
173
300
379
534
195
066
854
676
947
239
504
997
674
574
140
683
295
685
245
893
824
667
124
391
785
932
809
081
467
828
353
047
036
106
053
180
206
988
466
778
052
804
148
111
613
353
757
918
681
415
284
135
820
337
947
806
088
519
356
194
770
569
841
406
239
808
739
844
677
094
786
842
684
134
013
637
878
644
480
708
138
331
069
006
997
309
101
964
278
006
814
934
866
370
261
831
634
045
728
776
926
409
358
343
545
336
395
101
913
277
483
488
473
261
832
829
219
332
968
565
503
221
130
342
377
871
813
776
130
053
697
284
244
812
888
143
718
168
936
146
059
470
958
974
305
070
590
241
608
814
968
296
922
468
508
598
264
957
049
992
271
854
349
555
970
578
669
851
597
588
360
208
268
844
146
609
570
627
411
374
534
230
796
548
204
734
735
259
121
400
961
368
415
408
601
236
401
511
596
778
568
349
569
668
093
015
802
550
894
500
685
746
837
451
570
084
170
184
436
383
108
956
394
937
080
420
929
037
645
425
527
387
232
915
981
327
823
255
784
442
075
667
622
159
335
307
827
203
151
375
531
837
782
939
680
520
970
986
832
407
480
592
051
945
674
524
417
785
600
455
278
121
226
598
686
531
827
294
489
059
880
931
332
199
477
595
108
394
547
487
526
739
617
224
754
535
566
230
646
800
278
906
966
830
139
739
201
971
184
363
488
562
241
819
404
631
089
176
521
732
072
329
631
698
475
642
073
545
089
779
332
050
521
808
861
544
206
905
877
316
319
098
990
419
362
894
204
159
220
153
647
903
884
982
378
765
362
489
451
708
734
738
548
947
323
913
608
087
468
447
967
202
557
822
416
534
848
990
183
873
502
641
482
415
013
376
256
550
360
583
129
306
204
015
711
372
351
941
439
147
561
427
937
320
451
574
853
628
767
906
905
759
898
069
906
634
993
220
512
200
685
818
940
814
545
375
108
526
932
168
552
120
674
186
622
380
148
060
906
206
325
698
638
496
004
623
341
741
183
180
973
616
147
606
281
429
633
317
785
205
440
750
990
757
062
717
515
998
306
631
945
079
355
880
107
961
763
198
330
792
301
174
422
672
944
240
408
046
203
956
473
393
892
370
335
762
867
591
351
301
799
880
920
612
214
784
809
500
806
198
578
509
038
283
799
328
493
856
376
528
161
547
479
502
843
320
415
690
471
455
466
159
675
804
411
210
437
381
797
045
549
622
926
108
698
373
136
713
802
774
733
626
313
679
736
845
635
904
032
814
235
472
981
543
103
470
335
585
669
278
518
662
914
700
461
830
886
355
977
271
299
551
961
656
862
669
243
341
659
521
502
488
614
325
210
694
283
715
487
474
375
575
163
559
083
413
790
559
923
070
614
001
351
568
452
999
017
298
628
078
885
900
376
178
422
205
553
807
087
549
461
235
991
743
881
803
381
845
887
447
971
636
071
793
250
746
453
489
010
976
393
907
020
688
078
726
941
766
944
097
099
845
497
336
141
432
671
519
343
854
806
150
212
659
894
793
621
027
122
027
077
939
350
044
119
595
851
937
728
533
040
589
010
276
585
826
757
925
478
430
205
518
596
180
157
251
360
716
770
213
939
384
569
300
443
259
114
796
372
800
026
840
635
632
194
759
587
982
354
632
996
108
398
484
492
161
054
938
735
144
860
894
194
003
619
356
060
480
056
676
799
198
743
204
481
068
357
861
282
312
608
867
134
862
085
595
905
876
064
840
369
082
393
411
122
344
104
542
516
887
615
382
732
442
997
634
462
880
230
182
307
674
767
749
604
805
749
072
357
910
666
824
673
584
916
294
897
142
024
186
858
672
516
414
759
841
062
467
964
542
286
254
643
808
860
495
861
294
288
109
834
313
118
754
874
177
999
695
888
246
112
476
891
393
518
562
350
090
525
115
262
511
236
757
952
567
921
470
063
599
688
983
640
318
054
456
726
391
010
397
909
467
798
853
737
619
674
826
597
381
824
502
346
738
608
542
921
195
366
648
830
413
438
636
457
677
320
671
400
932
507
280
239
332
523
805
227
805
666
121
111
612
661
804
458
653
806
541
913
835
520
827
535
314
320
990
026
806
630
012
088
654
119
786
649
155
065
789
475
163
004
630
506
284
081
803
089
282
314
359
838
870
659
317
215
634
065
005
147
028
164
477
418
310
080
596
757
492
068
032
416
048
585
276
774
523
773
914
664
153
015
273
940
438
566
819
051
694
883
858
794
053
091
787
607
201
174
633
053
347
759
884
087
610
053
798
402
980
491
824
357
494
268
971
945
311
563
474
569
441
453
794
927
374
619
407
759
210
904
403
864
896
563
254
494
361
435
854
792
295
852
833
639
598
806
232
796
231
049
912
979
154
543
144
221
488
630
533
029
602
028
051
251
854
252
946
333
719
820
532
461
846
078
438
689
893
638
832
833
139
947
022
291
201
259
801
436
427
712
211
479
569
397
503
176
884
944
899
244
188
061
389
643
923
518
533
981
131
868
085
766
449
282
713
565
566
141
951
106
959
616
184
589
867
000
581
574
903
604
849
680
825
491
726
174
446
384
981
517
890
200
338
064
800
795
946
738
658
554
567
878
539
891
000
775
682
851
181
951
676
873
378
246
976
910
060
912
139
669
884
036
328
047
964
858
595
097
839
684
575
111
945
699
909
075
163
779
525
520
006
534
967
971
378
272
167
786
183
734
762
786
395
497
691
845
999
754
441
485
349
941
405
679
532
967
937
051
971
417
170
624
577
894
738
028
878
020
903
044
491
856
195
737
761
316
515
906
564
010
984
441
531
103
499
683
268
330
365
327
787
368
528
887
955
278
017
847
802
733
265
163
760
572
377
564
000
988
947
199
335
948
025
203
507
032
764
494
875
961
704
281
399
119
349
260
319
955
716
896
757
151
219
204
485
878
977
047
252
405
261
453
292
416
541
835
091
163
839
060
038
584
678
914
334
513
691
117
698
735
114
184
566
030
712
183
746
664
531
063
940
126
456
659
893
767
020
090
774
896
169
375
977
143
815
736
664
468
349
655
619
845
133
041
724
830
310
305
999
834
871
278
661
259
991
772
635
199
214
956
972
600
609
331
437
060
338
439
208
781
145
447
564
857
279
023
433
263
808
951
216
907
110
772
908
373
517
944
317
010
638
265
272
228
656
886
917
735
659
628
860
508
998
479
293
978
115
656
959
166
895
528
989
080
222
498
789
432
228
536
166
793
169
732
457
714
162
068
267
266
612
633
608
893
708
760
255
751
546
554
721
353
836
527
340
421
934
552
257
562
368
937
471
481
872
451
891
724
928
029
165
949
848
918
116
748
300
293
419
334
995
713
469
700
340
465
217
959
593
499
465
945
772
001
454
019
687
246
305
794
211
964
373
397
534
994
242
976
986
539
623
038
678
759
948
950
814
181
049
019
760
733
834
588
151
104
266
974
830
172
087
733
391
745
073
989
093
165
808
929
640
103
238
315
261
249
520
575
332
900
890
999
332
259
997
601
499
218
437
308
696
190
533
519
616
223
260
430
451
826
660
938
275
304
010
824
444
533
877
492
642
947
162
495
276
972
671
434
544
714
286
201
224
844
292
203
420
202
415
082
003
149
967
921
983
458
761
224
062
990
600
791
898
140
909
698
501
873
874
489
564
694
568
187
026
445
028
853
876
587
374
236
154
647
465
549
699
675
086
706
547
404
998
707
163
215
164
438
710
199
916
925
519
446
678
777
652
755
538
803
489
561
598
185
940
012
299
184
397
415
439
012
014
095
562
239
237
492
323
172
292
786
949
876
385
302
678
440
236
461
693
781
672
341
187
790
149
117
463
735
508
472
578
339
274
805
084
824
069
846
741
670
860
728
756
450
015
524
129
968
390
578
863
576
747
635
966
756
608
319
716
893
820
040
436
371
803
304
487
787
853
654
380
184
549
576
899
254
692
075
862
470
526
726
981
566
909
327
855
584
107
696
807
846
240
614
489
971
976
026
539
959
302
442
085
818
037
521
481
310
597
827
894
949
289
832
517
346
463
600
537
856
122
934
749
077
784
813
725
264
293
309
567
539
895
870
802
216
724
555
856
236
169
962
780
534
543
316
540
867
958
875
506
819
330
045
998
794
749
788
005
526
494
999
624
506
426
403
629
913
202
439
884
173
469
402
395
043
004
705
937
933
876
207
997
165
195
263
907
711
736
398
001
645
967
221
726
107
876
598
119
024
776
866
927
990
524
899
979
121
109
057
574
207
306
168
894
462
014
253
928
745
704
759
836
663
546
707
162
445
534
508
219
974
542
729
162
111
593
992
569
626
892
005
298
061
417
610
384
838
540
363
681
873
431
320
127
695
670
085
935
061
112
861
299
102
065
091
144
155
635
942
277
702
216
250
495
959
842
648
418
700
006
232
256
917
984
743
903
169
626
895
969
181
796
912
960
983
353
813
600
014
519
175
306
247
104
790
761
429
545
400
955
845
234
133
047
028
319
708
942
830
186
590
361
504
459
628
862
014
277
755
312
080
938
001
922
574
055
157
665
367
085
613
196
204
416
869
281
435
420
299
674
431
366
054
382
704
780
814
566
802
425
325
009
374
995
505
378
362
120
256
075
363
621
618
886
871
591
393
810
471
612
419
444
459
335
003
430
436
227
441
622
830
526
054
443
718
317
192
